Loaded 257673 rows x 47  columns
Descriptive features: A1..A46   Target: T

Feature AssignedType RawDtype  Numeric?   Card                                                                                                                                                                                               %Miss                                                                                            Sample
     A1   continuous  float64      True 109948  0         0.0
1         0.0
2         0.0
3         0.0
4         0.0
         ... 
257668    0.0
257669    0.0
257670    0.0
257671    0.0
257672    0.0
Name: A1, Length: 257673, dtype: float64                                                               1.1e-05, 8e-06, 5e-06, 6e-06, 1e-05
     A2  categorical   object     False    133  0         0.0
1         0.0
2         0.0
3         0.0
4         0.0
         ... 
257668    0.0
257669    0.0
257670    0.0
257671    0.0
257672    0.0
Name: A2, Length: 257673, dtype: float64                                                                         udp, arp, tcp, igmp, ospf
     A3  categorical   object     False     12  0         0.0
1         0.0
2         0.0
3         0.0
4         0.0
         ... 
257668    0.0
257669    0.0
257670    0.0
257671    0.0
257672    0.0
Name: A3, Length: 257673, dtype: float64                                                                   http, ftp, ftp-data, smtp, pop3
     A4  categorical   object     False     11  0         0.0
1         0.0
2         0.0
3         0.0
4         0.0
         ... 
257668    0.0
257669    0.0
257670    0.0
257671    0.0
257672    0.0
Name: A4, Length: 257673, dtype: float64                                                                           INT, FIN, REQ, ACC, CON
     A5   continuous    int64      True    646  0         0.0
1         0.0
2         0.0
3         0.0
4         0.0
         ... 
257668    0.0
257669    0.0
257670    0.0
257671    0.0
257672    0.0
Name: A5, Length: 257673, dtype: float64                                                                                  2, 1, 10, 14, 22
     A6   continuous    int64      True    627  0         0.0
1         0.0
2         0.0
3         0.0
4         0.0
         ... 
257668    0.0
257669    0.0
257670    0.0
257671    0.0
257672    0.0
Name: A6, Length: 257673, dtype: float64                                                                                   0, 6, 8, 10, 12
     A7   continuous  float64      True 257673  0         0.0
1         0.0
2         0.0
3         0.0
4         0.0
         ... 
257668    0.0
257669    0.0
257670    0.0
257671    0.0
257672    0.0
Name: A7, Length: 257673, dtype: float64 0.1072672698503887, 0.762789548893788, 0.5480640317266334, 0.0826023037269917, 0.2114733466008191
     A8   continuous    int64      True   9382  0         0.0
1         0.0
2         0.0
3         0.0
4         0.0
         ... 
257668    0.0
257669    0.0
257670    0.0
257671    0.0
257672    0.0
Name: A8, Length: 257673, dtype: float64                                                                        496, 1762, 1068, 900, 2126
     A9   continuous    int64      True   8653  0         0.0
1         0.0
2         0.0
3         0.0
4         0.0
         ... 
257668    0.0
257669    0.0
257670    0.0
257671    0.0
257672    0.0
Name: A9, Length: 257673, dtype: float64                                                                           0, 268, 354, 1172, 1266
    A10  categorical   object     False 115172 0         0.0
1         0.0
2         0.0
3         0.0
4         0.0
         ... 
257668    0.0
257669    0.0
257670    0.0
257671    0.0
257672    0.0
Name: A10, Length: 257673, dtype: float64                                    90909.0902, 125000.0003, 200000.0051, 166666.6608, 100000.0025
    A11   continuous  float64      True     13 0         0.0
1         0.0
2         0.0
3         0.0
4         0.0
         ... 
257668    0.0
257669    0.0
257670    0.0
257671    0.0
257672    0.0
Name: A11, Length: 257673, dtype: float64                                                                     254.0, 0.0, 62.0, 255.0, 31.0
    A12  categorical    int64      True      9 0         0.0
1         0.0
2         0.0
3         0.0
4         0.0
         ... 
257668    0.0
257669    0.0
257670    0.0
257671    0.0
257672    0.0
Name: A12, Length: 257673, dtype: float64                                                                                0, 252, 60, 29, 31
    A13   continuous  float64      True 121356 0         0.0
1         0.0
2         0.0
3         0.0
4         0.0
         ... 
257668    0.0
257669    0.0
257670    0.0
257671    0.0
257672    0.0
Name: A13, Length: 257673, dtype: float64                                             1.80363632e+28, 8.81e+28, 8.544e+28, 6e+28, 8.504e+28
    A14   continuous  float64      True 116380 0         0.0
1         0.0
2         0.0
3         0.0
4         0.0
         ... 
257668    0.0
257669    0.0
257670    0.0
257671    0.0
257672    0.0
Name: A14, Length: 257673, dtype: float64                                              0.0, 1249.506714, 1288.789062, 894.087097, 1692.7854
    A15   continuous    int64      True    490 0         0.0
1         0.0
2         0.0
3         0.0
4         0.0
         ... 
257668    0.0
257669    0.0
257670    0.0
257671    0.0
257672    0.0
Name: A15, Length: 257673, dtype: float64                                                                                   0, 2, 4, 21, 19
    A16   continuous    int64      True    476 0         0.0
1         0.0
2         0.0
3         0.0
4         0.0
         ... 
257668    0.0
257669    0.0
257670    0.0
257671    0.0
257672    0.0
Name: A16, Length: 257673, dtype: float64                                                                                   0, 1, 2, 3, 645
    A17  categorical    int64      True      1 0         0.0
1         0.0
2         0.0
3         0.0
4         0.0
         ... 
257668    0.0
257669    0.0
257670    0.0
257671    0.0
257672    0.0
Name: A17, Length: 257673, dtype: float64                                                                                                 1
    A18  categorical    int64      True      1 0         0.0
1         0.0
2         0.0
3         0.0
4         0.0
         ... 
257668    0.0
257669    0.0
257670    0.0
257671    0.0
257672    0.0
Name: A18, Length: 257673, dtype: float64                                                                                                 0
    A19   continuous  float64      True 114318 0         0.0
1         0.0
2         0.0
3         0.0
4         0.0
         ... 
257668    0.0
257669    0.0
257670    0.0
257671    0.0
257672    0.0
Name: A19, Length: 257673, dtype: float64                                                                  0.011, 0.008, 0.005, 0.006, 0.01
    A20   continuous  float64      True 110270 0         0.0
1         0.0
2         0.0
3         0.0
4         0.0
         ... 
257668    0.0
257669    0.0
257670    0.0
257671    0.0
257672    0.0
Name: A20, Length: 257673, dtype: float64                                                  0.0, 270.886813, 261.252, 381.293437, 195.494719
    A21   continuous  float64      True 117101 0         0.0
1         0.0
2         0.0
3         0.0
4         0.0
         ... 
257668    0.0
257669    0.0
257670    0.0
257671    0.0
257672    0.0
Name: A21, Length: 257673, dtype: float64                                            0.0, 10042.8699, 13125.11139, 18158.22943, 8764.724091
    A22   continuous  float64      True 114246 0         0.0
1         0.0
2         0.0
3         0.0
4         0.0
         ... 
257668    0.0
257669    0.0
257670    0.0
257671    0.0
257672    0.0
Name: A22, Length: 257673, dtype: float64                                               0.0, 468.508156, 399.405156, 788.701375, 346.639313
    A23   continuous    int64      True     22 0         0.0
1         0.0
2         0.0
3         0.0
4         0.0
         ... 
257668    0.0
257669    0.0
257670    0.0
257671    0.0
257672    0.0
Name: A23, Length: 257673, dtype: float64                                                                              0, 255, 156, 202, 99
    A24   continuous  float64      True 113867 0         0.0
1         0.0
2         0.0
3         0.0
4         0.0
         ... 
257668    0.0
257669    0.0
257670    0.0
257671    0.0
257672    0.0
Name: A24, Length: 257673, dtype: float64                                        0.0, 1640845588.0, 2214319888.0, 3374744735.0, 783227300.0
    A25   continuous  float64      True 113580 0         0.0
1         0.0
2         0.0
3         0.0
4         0.0
         ... 
257668    0.0
257669    0.0
257670    0.0
257671    0.0
257672    0.0
Name: A25, Length: 257673, dtype: float64                                         0.0, 177111456.0, 3374287000.0, 1063429159.0, 772078300.0
    A26   continuous    int64      True     19 0         0.0
1         0.0
2         0.0
3         0.0
4         0.0
         ... 
257668    0.0
257669    0.0
257670    0.0
257671    0.0
257672    0.0
Name: A26, Length: 257673, dtype: float64                                                                               0, 255, 81, 160, 77
    A27   continuous  float64      True  63878 0         0.0
1         0.0
2         0.0
3         0.0
4         0.0
         ... 
257668    0.0
257669    0.0
257670    0.0
257671    0.0
257672    0.0
Name: A27, Length: 257673, dtype: float64                                                       0.0, 0.148966, 0.185096, 0.144772, 0.221146
    A28   continuous  float64      True  57160 0         0.0
1         0.0
2         0.0
3         0.0
4         0.0
         ... 
257668    0.0
257669    0.0
257670    0.0
257671    0.0
257672    0.0
Name: A28, Length: 257673, dtype: float64                                                        0.0, 0.079731, 0.095516, 0.077744, 0.09657
    A29   continuous  float64      True  53059 0         0.0
1         0.0
2         0.0
3         0.0
4         0.0
         ... 
257668    0.0
257669    0.0
257670    0.0
257671    0.0
257672    0.0
Name: A29, Length: 257673, dtype: float64                                                        0.0, 0.069235, 0.08958, 0.067028, 0.124576
    A30   continuous    int64      True   1377 0         0.0
1         0.0
2         0.0
3         0.0
4         0.0
         ... 
257668    0.0
257669    0.0
257670    0.0
257671    0.0
257672    0.0
Name: A30, Length: 257673, dtype: float64                                                                          248, 881, 534, 450, 1063
    A31   continuous    int64      True   1362 0         0.0
1         0.0
2         0.0
3         0.0
4         0.0
         ... 
257668    0.0
257669    0.0
257670    0.0
257671    0.0
257672    0.0
Name: A31, Length: 257673, dtype: float64                                                                               0, 45, 44, 147, 127
    A32   continuous  float64      True     14 0         0.0
1         0.0
2         0.0
3         0.0
4         0.0
         ... 
257668    0.0
257669    0.0
257670    0.0
257671    0.0
257672    0.0
Name: A32, Length: 257673, dtype: float64                                                                         0.0, 1.0, 131.0, 2.0, 9.0
    A33   continuous    int64      True   2819 0         0.0
1         0.0
2         0.0
3         0.0
4         0.0
         ... 
257668    0.0
257669    0.0
257670    0.0
257671    0.0
257672    0.0
Name: A33, Length: 257673, dtype: float64                                                                             0, 184, 187, 165, 261
    A34   continuous    int64      True     57 0         0.0
1         0.0
2         0.0
3         0.0
4         0.0
         ... 
257668    0.0
257669    0.0
257670    0.0
257671    0.0
257672    0.0
Name: A34, Length: 257673, dtype: float64                                                                                     2, 3, 1, 4, 5
    A35  categorical    int64      True      7 0         0.0
1         0.0
2         0.0
3         0.0
4         0.0
         ... 
257668    0.0
257669    0.0
257670    0.0
257671    0.0
257672    0.0
Name: A35, Length: 257673, dtype: float64                                                                                     2, 1, 6, 4, 0
    A36   continuous    int64      True     52 0         0.0
1         0.0
2         0.0
3         0.0
4         0.0
         ... 
257668    0.0
257669    0.0
257670    0.0
257671    0.0
257672    0.0
Name: A36, Length: 257673, dtype: float64                                                                                    1, 2, 18, 4, 9
    A37   continuous    int64      True     52 0         0.0
1         0.0
2         0.0
3         0.0
4         0.0
         ... 
257668    0.0
257669    0.0
257670    0.0
257671    0.0
257672    0.0
Name: A37, Length: 257673, dtype: float64                                                                                    1, 2, 3, 4, 10
    A38   continuous    int64      True     35 0         0.0
1         0.0
2         0.0
3         0.0
4         0.0
         ... 
257668    0.0
257669    0.0
257670    0.0
257671    0.0
257672    0.0
Name: A38, Length: 257673, dtype: float64                                                                                    1, 2, 3, 4, 10
    A39   continuous    int64      True     58 0         0.0
1         0.0
2         0.0
3         0.0
4         0.0
         ... 
257668    0.0
257669    0.0
257670    0.0
257671    0.0
257672    0.0
Name: A39, Length: 257673, dtype: float64                                                                                   2, 3, 1, 14, 17
    A40   continuous    int64      True 257673 0         0.0
1         0.0
2         0.0
3         0.0
4         0.0
         ... 
257668    0.0
257669    0.0
257670    0.0
257671    0.0
257672    0.0
Name: A40, Length: 257673, dtype: float64                                                                                     1, 2, 3, 4, 5
    A41  categorical    int64      True      4 0         0.0
1         0.0
2         0.0
3         0.0
4         0.0
         ... 
257668    0.0
257669    0.0
257670    0.0
257671    0.0
257672    0.0
Name: A41, Length: 257673, dtype: float64                                                                                        0, 1, 2, 4
    A42  categorical  float64      True      4 0         0.0
1         0.0
2         0.0
3         0.0
4         0.0
         ... 
257668    0.0
257669    0.0
257670    0.0
257671    0.0
257672    0.0
Name: A42, Length: 257673, dtype: float64                                                                                0.0, 1.0, 2.0, 4.0
    A43   continuous    int64      True     11 0         0.0
1         0.0
2         0.0
3         0.0
4         0.0
         ... 
257668    0.0
257669    0.0
257670    0.0
257671    0.0
257672    0.0
Name: A43, Length: 257673, dtype: float64                                                                                     0, 1, 9, 4, 2
    A44   continuous    int64      True     52 0         0.0
1         0.0
2         0.0
3         0.0
4         0.0
         ... 
257668    0.0
257669    0.0
257670    0.0
257671    0.0
257672    0.0
Name: A44, Length: 257673, dtype: float64                                                                                    1, 2, 3, 10, 4
    A45   continuous  float64      True     57 0         0.0
1         0.0
2         0.0
3         0.0
4         0.0
         ... 
257668    0.0
257669    0.0
257670    0.0
257671    0.0
257672    0.0
Name: A45, Length: 257673, dtype: float64                                                                         2.0, 3.0, 1.0, 15.0, 17.0
    A46  categorical    int64      True      3 0         0.0
1         0.0
2         0.0
3         0.0
4         0.0
         ... 
257668    0.0
257669    0.0
257670    0.0
257671    0.0
257672    0.0
Name: A46, Length: 257673, dtype: float64                                                                                           0, 1, 2

